# sigma(m,k): e_m e_k = sigma(m,k) e_{m xor k}, sedenions (CDAlg.mulCoeff 4)
 1  1  1  1  1  1  1  1  1  1  1  1  1  1  1  1
 1 -1  1 -1  1 -1 -1  1  1 -1 -1  1 -1  1  1 -1
 1 -1 -1  1  1  1 -1 -1  1  1 -1 -1 -1 -1  1  1
 1  1 -1 -1  1 -1  1 -1  1 -1  1 -1 -1  1 -1  1
 1 -1 -1 -1 -1  1  1  1  1  1  1  1 -1 -1 -1 -1
 1  1 -1  1 -1 -1 -1  1  1 -1  1 -1  1 -1  1 -1
 1  1  1 -1 -1  1 -1 -1  1 -1 -1  1  1 -1 -1  1
 1 -1  1  1 -1 -1  1 -1  1  1 -1 -1  1  1 -1 -1
 1 -1 -1 -1 -1 -1 -1 -1 -1  1  1  1  1  1  1  1
 1  1 -1  1 -1  1  1 -1 -1 -1 -1  1 -1  1  1 -1
 1  1  1 -1 -1 -1  1  1 -1  1 -1 -1 -1 -1  1  1
 1 -1  1  1 -1  1 -1  1 -1 -1  1 -1 -1  1 -1  1
 1  1  1  1  1 -1 -1 -1 -1  1  1  1 -1 -1 -1 -1
 1 -1  1 -1  1  1  1 -1 -1 -1  1 -1  1 -1  1 -1
 1 -1 -1  1  1 -1  1  1 -1 -1 -1  1  1 -1 -1  1
 1  1 -1 -1  1  1 -1  1 -1  1 -1 -1  1  1 -1 -1
